19
8
0	8.5	    10	    6	6	6	45	45	45
1	13.0	15.0	6	6	6	20	20	20
2	13.0	15.0	6	6	6	20	20	20
3	13.0	15.0	6	6	6	20	20	20
4	8.5	    13	    6	6	6	45	45	45
5	8.5	    10	    6	6	6	45	45	45
6	8.5	    10	    6	6	6	45	45	45
7	8.0	    8.0	    6	6	6	20	20	20
8	9.0	    6.0	    6	6	6	6	6	6
9	8.0	    8.0	    6	6	6	20	20	20
10  15.0    15.0    18  18  18   40   40   40
11  15.0    15.0    18  18  18   40   40   40
12  15.0    15.0    18  18  18   40   40   40
13	10.0	15.0	25  25  30	180 180 160
14	10.0	15.0	25  25  30	180 180 160
15	12.0	17.0	19  16  17	60  55  50
16	13.0	15.0	6	6	6	20	20	20
17	13.0	17.0	10  10  10	295 159 2
18	13.0	15.0	6	6	6	20	20	20